-2002.9564450000003 -0.9999795841700864
-1897.038477 -0.9999748158765395
-1797.032031 -0.9999748158765395
-1697.020898 -0.9999695476082182
-1597.0119140000002 -0.9999637793703908
-1497.022754 -0.9999637793703908
-1397.033594 -0.9999575111688251
-1297.0297850000002 -0.9999507430097898
-1197.023438 -0.9999354752129248
-1097.0318359999999 -0.9999272072240887
-997.035254 -0.9999091714729915
-897.0472659999999 -0.9998891360849472
-797.0373050000001 -0.9998553338611015
-697.034619 -0.9998025346813632
-597.030713 -0.9997424702899983
-497.029248 -0.9996168865261498
-477.034375 -0.9995751288655517
-467.01914100000005 -0.9995543664718207
-457.027197 -0.999533104519838
-447.04384799999997 -0.9995113430308655
-437.02373 -0.999489082026665
-427.050195 -0.9994408299356494
-417.03129900000005 -0.999417070521328
-407.024658 -0.999392811683819
-397.027832 -0.9993680534473817
-387.042017 -0.9993143072569803
-377.040259 -0.9992880509743042
-367.020166 -0.9992340405450089
-357.015967 -0.9991748015333154
-347.051001 -0.99914604903869
-337.00144 -0.9990870466043035
-327.02299800000003 -0.9990223161747314
-317.018823 -0.9989228436392654
-307.025684 -0.9988568549037966
-296.983472 -0.9987493987463046
-287.001343 -0.9986731902171784
-277.008203 -0.9985629845487991
-267.021167 -0.998403332029446
-257.047632 -0.9982764260555287
-247.025049 -0.9980945876489135
-237.050293 -0.9979110103302921
-232.03103000000002 -0.99776566568749
-227.038745 -0.9976630363130271
-222.009692 -0.9975092249699622
-217.03088400000001 -0.997410350071586
-212.022656 -0.9972485755800096
-207.008301 -0.9970818250576141
-202.028271 -0.996844210326095
-197.02495100000002 -0.9966655214094076
-192.027759 -0.9964109945357998
-187.004822 -0.9961602529827098
-182.02235100000001 -0.9958868404382352
-177.01901900000001 -0.9956034911991267
-172.02059300000002 -0.9952436393355971
-167.049158 -0.9948694007035457
-162.01887200000002 -0.9944087669449049
-157.036377 -0.993908597083689
-152.03060299999999 -0.9933861357909962
-147.01870100000002 -0.9926548748790419
-142.04603300000002 -0.9918840577723792
-137.030457 -0.9910737291044787
-131.996484 -0.9900053266050585
-126.99070999999999 -0.9887425607579963
-122.00578599999999 -0.9874025652841222
-116.997559 -0.9855711593540051
-111.98811 -0.9834486008382128
-107.01544200000001 -0.9808721491216957
-101.999854 -0.9779151315632902
-97.00144 -0.973973549644271
-92.03244 -0.9692484548224898
-87.043823 -0.9632832194711676
-82.039288 -0.9558787562799206
-77.02983400000001 -0.9467823680291433
-72.028967 -0.9355109393657123
-67.036676 -0.9214642314668098
-62.043164000000004 -0.905262886681082
-57.038617 -0.8859946709311454
-52.019366000000005 -0.8634103787334283
-47.045459 -0.8377526461432283
-42.0164 -0.808391074753075
-40.999066 -0.8019587922532949
-40.006247 -0.7956625948963363
-39.004843 -0.7890437764789261
-37.99487 -0.7825710822567984
-36.995917 -0.7754019205198363
-36.010452 -0.7685033088231834
-35.029892000000004 -0.7617660815616674
-34.015009 -0.7540528132697343
-33.003802 -0.7464946515221084
-32.004855 -0.7388397280081948
-31.030423000000003 -0.7310891543188892
-30.000833 -0.7229694316406874
-29.001883 -0.7143475051817557
-28.012741 -0.7063046468292338
-27.016241 -0.6978829889364931
-26.003812 -0.6886585251270766
-24.99751 -0.6796177356295692
-24.015723 -0.6704738888944072
-23.04129 -0.6613454762369007
-22.028859 -0.6516884562535391
-21.007848000000003 -0.6414934771583038
-20.018704 -0.6312991412939116
-19.005048 -0.6205536580303015
-18.020808 -0.6101311274342127
-17.014505 -0.5988187128179486
-16.025365 -0.5878302721678947
-15.011707000000001 -0.5760333872201996
-14.038498 -0.5640005052422479
-13.018715 -0.5512234004943231
-12.024669 -0.5383883173886508
-11.012238 -0.5246527342497964
-10.015741 -0.5106110198019111
-9.013116 -0.4943822019155339
-8.019071 0.030396728519163172
-7.010317000000001 0.03156508329014178
-6.012595 0.03264290764997179
-5.014873 0.033932639373658174
-4.004893 0.035147796369614716
-3.009622 0.03658624879733641
-2.033963 0.03783695949223776
-1.0325630000000001 0.039194570730084796
-0.004198 0.04069338388639802
0.971461 0.04221429996827509
1.9691839999999998 0.04375724445113237
2.969357 0.04545692402210082
4.0001739999999995 0.047275724093886445
4.9917679999999995 0.049122966193384694
5.96375 0.050907478342474353
6.9774069999999995 0.053051196254200475
7.972678 0.054895004092108735
8.992462999999999 0.057261438475227536
9.986507 0.059418660825992106
10.973199 0.06186638626134659
11.994209 0.0644500667383756
12.990706 0.06698291350913291
13.966365999999999 0.06973239040208062
15.003311 0.072626344206798
16.001033 0.07557041142610767
16.99753 0.07903491429954987
17.971964 0.08208663394650456
19.00278 0.0859700771326551
19.996826 0.089631186132704
20.993321 0.0934578961057733
22.004527 0.09756066709639112
22.999797 0.10195227350908197
24.006099 0.10652997876136218
24.985435000000003 0.11151947362774109
25.995416 0.11660365906902788
26.975977999999998 0.12201484965104777
27.967574000000003 0.12763527679620687
28.984906000000002 0.13395472921045046
29.981403 0.1403975922999417
30.996285999999998 0.14732786148621432
31.990329000000003 0.15464967441805902
32.968441999999996 0.1626064368381115
33.974744 0.1709866983822636
34.994528 0.18031721665546505
35.987347 0.18983075354097312
37.003458 0.2006313217898536
38.003629000000004 0.2117680190240779
39.002579 0.2242644650834487
39.985593 0.23773866746769684
40.979639 0.2523501476908124
41.976135 0.26935119898364307
42.997147 0.2880513922287254
43.996094 0.3100853166292897
45.0073 0.3366654535839213
45.974377 0.36907744433268014
46.973327999999995 0.41782894583270774
48.018851 0.8432103406706564
52.997653 0.8681494619509654
58.007104000000005 0.8897414380821185
63.007977000000004 0.9086912637103276
68.003943 0.9245931887078647
73.00725700000001 0.9378050915729763
78.017932 0.9485675709585385
83.00042099999999 0.9575034103641106
88.014771 0.9645168368279643
92.98744500000001 0.9702198194392144
97.966254 0.974803623553313
102.975702 0.9784900939308541
107.98637699999999 0.9815816599759841
112.97498800000001 0.9839895111212662
117.975854 0.985924290481208
122.986523 0.9875915306121289
127.95798299999998 0.9890528991203187
132.991943 0.9901735784033067
138.00874 0.9912326746917627
142.988782 0.9920355477818281
147.999451 0.9927989003357042
153.01626000000002 0.9934450317486788
157.974219 0.9940395392432952
162.995935 0.9945340945176716
168.009045 0.9949206521203039
172.989099 0.9952928305316722
178.007117 0.995650621147986
182.982239 0.9959322021951547
187.974536 0.9962636742651895
192.98398400000002 0.9964531142913798
197.98731700000002 0.9967058711793624
203.000427 0.9969377447112137
207.990283 0.9971087895978348
212.97888200000003 0.9972748595953759
217.99814500000002 0.9973860644076005
222.975708 0.9975436731711301
227.991284 0.997696303370062
233.019116 0.9977980464099224
237.991797 0.9978893630835751
243.007397 0.9980305382843596
253.00790999999998 0.9982155885871372
262.998584 0.9983448022740247
273.021167 0.9985074646423143
282.95305199999996 0.9986252107143347
292.967041 0.9987330337209347
302.966309 0.9988073572126742
312.96438 0.9989121335557355
322.957544 0.9989765330262591
332.989893 0.9990428717876357
342.96958 0.9991032790574785
352.97871100000003 0.9991651251405542
363.003711 0.9992215392432011
373.02263200000004 0.9992489974610375
383.017017 0.9993053513826425
392.98195799999996 0.9993567727644673
403.027832 0.9993817344221971
413.02959 0.9994061966910232
423.02026400000005 0.9994325948439333
433.03916 0.9994790222194039
443.03110399999997 0.999501486692987
453.020557 0.9995234516603495
463.00639600000005 0.9995468524017935
473.013037 0.9995678182913194
482.990234 0.9995882846102282
502.99248 0.9996082513380538
603.036816 0.9997354635734003
702.962256 0.9998112478114739
803.0396969999999 0.9998621304438079
903.0313480000001 0.9998845726342571
1002.948242 0.9999149220646051
1102.975391 0.9999238936219846
1203.000098 0.999940336956613
1303.0382809999999 0.9999478087174185
1403.005371 0.9999547805304226
1503.030176 0.9999612523886537
1603.038965 0.9999672242856397
1703.0367190000002 0.9999672242856397
1803.011328 0.9999726962154084
1903.037109 0.9999776681724885
1997.0375 0.9999794168542694
1897.031055 0.9999746301955369
1797.033398 0.9999746301955369
1697.019727 0.9999693435622146
1597.0414059999998 0.9999635569595888
1497.024023 0.9999635569595888
1397.026367 0.9999572703934466
1297.0322270000001 0.9999502706021396
1197.02832 0.9999351977113509
1097.0330079999999 0.9999269113590071
997.0327149999999 0.9999088388818534
897.0289059999999 0.999888766769152
797.0286619999999 0.9998549094612665
697.025977 0.9998020552084174
597.0147460000001 0.9997419173861793
497.039063 0.9996162235076413
477.029492 0.9995744475103773
467.022803 0.9995536667664774
457.02968799999996 0.9995323864650979
447.04145500000004 0.9995106066275191
437.03232399999996 0.999488327275521
427.04038099999997 0.9994633351707529
417.03252000000003 0.9994162790976712
407.046729 0.9993920019157836
397.03396 0.9993672253358681
387.037109 0.9993134608270381
377.017017 0.9992871862036956
367.027515 0.999233139096008
356.989014 0.9991738817756076
347.008105 0.9991451109453692
336.965918 0.9990823586093096
327.00588400000004 0.9990213231153137
316.971021 0.9989218139584027
306.958252 0.9988557885709971
296.957764 0.9987482958100801
286.959692 0.9986720690066205
276.962842 0.9985618083891696
267.000342 0.9984413473067991
256.988794 0.998275158459878
246.96252399999997 0.998093283577053
237.001245 0.9979096514428396
231.963623 0.9977642702962882
226.990942 0.9976616227153636
221.98515600000002 0.9975077748937818
216.96591800000002 0.9974088634434201
211.977295 0.9972470525002228
206.98991700000002 0.9970695530950588
201.97678200000001 0.9968426144989362
196.975916 0.9966638891876511
191.999561 0.9964093260563194
186.98764599999998 0.9961585299188104
181.97821 0.9958850811835028
177.007983 0.9956016957880873
172.00097699999998 0.9952417896013257
166.990308 0.9948674967049899
161.97229 0.9944067905686711
156.998376 0.9939065667743727
152.009778 0.9933840516414912
146.99541 0.9926527190930382
141.98719499999999 0.9918818305292159
136.987549 0.9910714305915901
131.99281000000002 0.9900029392809054
126.971106 0.9887400852763065
121.99229700000001 0.9872578436771434
116.975488 0.9855684916996238
111.97707499999999 0.9834458299441582
106.972534 0.9808692586076463
101.994958 0.9779121231954594
96.979376 0.973970409245427
91.971155 0.969245186100914
86.991119 0.9632009100575892
82.015997 0.9558751959742517
77.00409499999999 0.9464743736253707
71.971356 0.9351714652957205
66.993774 0.9214602169653107
62.00394300000001 0.9052587402980129
57.012872 0.8858258118227798
52.013232 0.8631035974169793
47.017264 0.8377481980262869
42.021301 0.8083865701164633
40.978232000000006 0.8019542933196645
39.985406 0.7956580864118316
38.996265 0.789039275821493
37.985062 0.7822035447796287
36.984888 0.7753974101274451
35.990842 0.7684988096179063
34.993121 0.7611331287056999
33.959851 0.753668568110924
32.986642 0.746490168627513
31.990146 0.738835249276642
30.994875999999998 0.7308142649420815
29.959158000000002 0.7225688296939328
28.960208 0.7143430670308291
27.988225999999997 0.7060164850224898
26.978247 0.6971823084925508
25.979300000000002 0.6886541554564739
24.979123 0.679613384751717
23.989981 0.6701675919699436
22.975101000000002 0.6606111629562651
21.987184 0.6512572237584047
20.991913 0.6411731466182422
19.990512000000003 0.6309738565604966
18.974404999999997 0.6202234656330918
17.975458 0.6097960927068762
16.970381 0.598478527752678
15.983690000000001 0.5874850120711015
14.967581000000001 0.5752313840609236
13.990697 0.5636442651405263
13.001555 0.5512197880818037
11.982996 0.5379251461300091
10.986497 0.5242769711304563
9.997356 0.5102272675343615
9.000859 0.4939874148966852
7.981074 -0.030400458731177863
6.963741000000001 -0.03156891499701506
5.964793 -0.03284549209370537
4.9682960000000005 -0.03393669259262492
3.982831 -0.03515195033920471
2.981432 -0.036590519968278244
1.987386 -0.03793191095773839
0.994567 -0.039199060009449775
-0.01909 -0.04069798934207141
-1.015587 -0.04221902121201751
-2.008406 -0.04398431202370981
-3.0049029999999997 -0.04555245411996034
-4.018559 -0.04728080491817993
-5.012605 -0.04912817733815942
-6.009100999999999 -0.05091280120186538
-7.0472719999999995 -0.05305666444456467
-8.019254 -0.05514448527316823
-9.031685 -0.057267159064423076
-10.029408 -0.05967665750905423
-11.019775 -0.06196540971098397
-12.017498 -0.0644562098010492
-13.012769 -0.06716016333526434
-14.021522999999998 -0.06973880641393054
-15.015567999999998 -0.07263291177403121
-16.010838 -0.07585596321713921
-17.029398 -0.07904179354560413
-18.022217 -0.08238237421300464
-19.013811999999998 -0.08597727693704864
-20.013984999999998 -0.0896385420649849
-21.003127 -0.09346542431754178
-22.040073 -0.09777780224508037
-23.012054 -0.10206199428059433
-24.015904 -0.1065380108842619
-25.0075 -0.11152769322546849
-26.022382 -0.11661206307422427
-27.012749000000003 -0.1220234304623734
-28.005570999999996 -0.12788279246308248
-29.021677 -0.13396369680052891
-30.013272 -0.14040675085730642
-31.007315 -0.14733721877258987
-32.001361 -0.1550330633619072
-33.027277 -0.16299725077063842
-34.009061 -0.17138505493585812
-35.004333 -0.1803273850837901
-35.999603 -0.18984112641234302
-37.007135 -0.20064190346223829
-38.007306 -0.21177881553428243
-39.005029 -0.22427547529313951
-39.999072 -0.23774987669092362
-41.017633000000004 -0.2528059219310119
-42.004327 -0.2698159840578193
-42.99837 -0.2885250348159887
-43.992413 -0.31009729228164484
-45.0073 -0.3366775885917435
-46.02218 -0.37055602069247273
-46.999066 -0.4188353572972043
-48.011496 -0.8432059109952177
-53.012366 -0.8681451125847635
-58.024261 -0.8897371967369825
-63.016553 -0.9086871524602043
-68.035809 -0.9245892122251896
-73.00971100000001 -0.9378012502047927
-78.00567600000001 -0.9485638794067608
-83.00531600000001 -0.9574998795361783
-88.023346 -0.9645134411013834
-93.037701 -0.9702165654101951
-97.973602 -0.9748005165572221
-102.98551 -0.9784871199851889
-107.97656300000001 -0.9815788036556642
-112.973767 -0.9839867568807473
-117.98198199999999 -0.9859216400761238
-122.99143099999999 -0.9875889851128006
-127.984949 -0.9890504411103457
-132.977234 -0.9901712089367184
-137.97319299999998 -0.9912303940872099
-142.987549 -0.9920333384857407
-147.99822999999998 -0.992796762533847
-153.01870100000002 -0.9934429474756116
-157.991382 -0.9940375269789721
-162.973865 -0.9945321362109366
-168.00415 -0.9949187480236645
-173.001343 -0.9952909807059774
-178.021826 -0.9956488256519571
-182.97489000000002 -0.9959922745734016
-187.979431 -0.9962619693599186
-192.986438 -0.9964514457413718
-197.968909 -0.9967042388915275
-202.979602 -0.996936167078454
-207.985352 -0.9971072483866027
-213.000952 -0.9972733548226796
-217.972388 -0.9974344849750567
-222.974487 -0.9975422230448734
-228.004761 -0.9976948897252633
-233.010547 -0.9977966509734364
-237.983228 -0.9978880042256012
-243.003711 -0.9980292159428354
-252.98706099999998 -0.9982143027132816
-262.981421 -0.9983835007300039
-273.002783 -0.9985062701903364
-282.956738 -0.9986186360057697
-292.960913 -0.9987319308027831
-302.96142599999996 -0.9988062725728524
-312.971753 -0.9989110855251802
-322.977173 -0.9989755216514559
-332.96664999999996 -0.9990418787077854
-343.003931 -0.9991023226425515
-352.97380400000003 -0.9991641870293236
-362.963281 -0.9992206378054787
-373.002979 -0.9992750916596302
-383.002271 -0.9993044865970626
-392.989331 -0.9993559446623014
-403.003296 -0.9993809246631372
-413.013623 -0.9994054052759771
-423.00800799999996 -0.9994552851718894
-432.99502 -0.9994782674758568
-443.03232399999996 -0.9995007502969027
-453.034082 -0.9995227336125438
-462.991699 -0.9995461343371771
-472.990967 -0.9995671185765597
-482.97675799999996 -0.9995876032460863
-502.988818 -0.9996075883252731
-602.9730959999999 -0.9997349106734565
-702.9904789999999 -0.9998107683343493
-802.9845210000001 -0.9998617244069207
-902.9860350000001 -0.9998842033201475
-1002.955566 -0.9999145894715541
-1103.023242 -0.9999235793919949
-1203.018457 -0.9999400594536895
-1302.958691 -0.9999475495784634
-1402.966211 -0.9999545397557018
-1502.972656 -0.999961029978414
-1603.015625 -0.9999670202401099
-1702.9546880000003 -0.9999670202401099
-1802.959766 -0.9999725105347994
-1902.9943360000002 -0.9999775008569923
